Statistical Abstract of Haryana 2023-24
    
23 
 AREA AND POPULATION 
Growth of population in Haryana: 1901-2011 Census 
Table 3.2 
Year Population V ariation in 
population Decennial percentage 
increase Male F emale Sex Ratio 
1 2  3  4  5  6  7  
1901 46,23,064  — — 24,76,390  21,46,674  867 
1911 41,74,677  (–) 4,48,387  (–)9.70 22,74,909  18,99,768  835 
1921 42,55,892  81,215 1.95 23,07,985  19,47,907  844 
1931 45,59,917  3,04,025  7.14 24,73,228  20,86,689  844 
1941 52,72,829  7,12,912  15.63 28,21,783  24,51,046  869 
1951 56,73,597  4,00,768  7.60 30,31,612  26,41,985  871 
1961 75,90,524  19,16,927  33.79 40,62,787  35,27,737  868 
1971 1,00,36,431  24,45,907  32.22 53,77,044  46,59,387  867 
1981 1,29,22,119  28,85,688  28.75 69,09,679  60,12,440  870 
1991 1,64,63,648  35,41,529  27.41 88,27,474  76,36,174  865 
2001 2,11,44,564  46,80,916  28.43 1,13,63,953  97,80,611  861 
2011 2,53,51,462  42,06,898  19.90 1,34,94,734  1,18,56,728  879 
Source: Census of India, 2011, Administrative Atlas. 

--- Page 1 ---

